43
59234 18481 35
18093 14445 35
356 50634 11
41762 27843 21
9899 47500 21
61641 7119 32
24712 27734 21
31490 12484 11
55221 23932 11
18915 61670 21
37797 27120 11
49116 9921 32
26476 17652 32
53609 18318 32
18586 53322 19
4859 17479 11
27830 13728 21
49652 33774 35
48335 58098 35
26993 6827 11
59258 14460 19
5377 44245 21
1258 34258 35
3913 49830 32
41601 43127 21
61007 32023 11
62988 57590 11
5012 17303 11
45873 62441 11
35247 37148 35
24367 32427 11
40711 31643 35
11978 7240 11
1489 58861 11
13684 27162 35
729 47637 11
56160 20427 11
49760 55418 32
61307 37386 21
7003 20880 21
2117 19478 35
62575 4026 32
356 55857 11
