365
56872 2083 14
29443 1609 9
51894 44387 0
51343 60853 0
9330 56442 9
53916 2083 14
59917 19289 22
52062 60978 14
54276 2083 14
7161 60978 14
43527 8271 9
31891 2083 14
55811 20219 0
50569 1795 0
34753 60978 14
37669 57779 9
20379 59776 9
36540 2083 14
5282 2083 14
1457 2083 14
18150 60978 14
17032 13617 9
53755 4261 12
27942 19417 9
51857 2083 14
56182 26145 9
10129 2083 14
42340 60978 14
48007 2083 14
16044 60978 14
25448 2083 14
18401 7767 9
57166 2943 24
37042 51665 9
17059 2083 14
49495 2083 14
2545 24701 0
20242 2943 9
44705 57779 9
38820 2083 14
44911 2083 14
62097 2083 14
54937 3736 9
6018 24146 0
46862 2083 14
17094 2083 14
9889 48840 0
61727 26145 9
35347 53963 0
50829 2083 14
50283 6132 9
49222 2083 14
7111 2943 9
38089 31280 9
53376 14924 8
56575 11208 31
50261 2083 14
61651 2083 14
41188 2083 14
36665 62103 9
52677 48769 0
27662 3541 0
33263 4000 9
31630 53376 9
25199 2083 14
25501 2083 14
41315 37543 9
47820 37511 0
56301 2083 14
34714 29924 9
47936 2083 14
54324 2083 14
55670 2943 9
1537 2083 14
23035 29771 9
26402 2083 14
54757 2083 14
8077 7455 12
58545 2083 14
5506 2943 9
16752 2083 14
45271 2083 14
43922 2083 14
21576 5173 0
35190 60978 14
36602 60978 14
20647 18659 9
6689 2083 14
52178 2083 14
62749 60978 14
39663 2943 9
23473 8576 25
49039 2083 14
7786 45665 9
49286 2083 14
40845 60978 14
54021 2083 14
37095 32713 0
12893 2083 14
1698 9503 0
27302 2083 14
36775 2083 14
33529 28903 9
28308 37598 9
11231 2083 14
42712 53550 9
7566 2083 14
7254 23897 0
51099 37511 0
57822 2083 14
7510 2083 14
44979 3659 0
4207 2083 14
36355 37819 22
27171 60978 14
24568 2083 14
13915 2083 14
41398 59151 0
9853 29500 9
29694 2083 14
32783 24035 9
56696 59778 22
32506 2083 14
2184 59192 12
23799 42042 8
40336 2943 9
32004 2083 14
58770 37167 12
39600 27397 22
23460 49684 12
46264 12723 0
58235 2943 9
37758 36536 22
27901 48834 12
2237 44427 25
2853 2083 14
24351 60802 9
56233 2083 14
48248 26881 22
20442 10231 9
51014 2083 14
53536 12919 12
11300 8271 22
56063 2083 14
22048 2083 14
34626 34556 0
59884 2083 14
15787 2083 14
16030 2083 14
56572 2083 14
4778 2083 14
30943 2083 14
11956 43569 9
36468 60883 0
6313 26542 0
16591 2943 9
547 12178 0
22085 15211 0
31989 2083 14
38964 60978 14
7816 30399 9
18781 55142 9
38704 2083 14
39664 15584 9
42951 2083 14
16737 2083 14
40700 56110 9
51053 15584 9
30043 2943 9
12524 2083 14
11573 2083 14
14797 2943 9
50685 2083 14
59660 31081 9
36381 55346 0
53927 2083 14
56928 22816 0
60410 2083 14
34614 2083 14
58001 2056 22
47003 8234 9
20426 2083 14
17050 2083 14
25983 51932 0
45639 19874 0
41483 2083 14
39720 10745 9
33353 2083 14
7691 2083 14
19085 2083 14
8539 48086 0
8638 1784 24
56403 62537 0
17830 2943 9
11422 2083 14
29336 2943 9
26280 2083 14
60896 10745 9
9431 58938 1
8494 21563 0
36728 21924 22
9812 2083 14
54783 2083 14
53111 2083 14
15591 2083 14
50349 2943 9
45624 49115 0
52132 22400 0
41852 2083 14
58764 2083 14
40701 44797 9
62580 2083 14
44564 35571 0
209 2083 14
49927 53735 0
32143 2083 14
43541 2943 9
48688 4245 9
52770 2083 14
845 2083 14
21847 55385 12
37801 28106 0
60882 2083 14
37285 2943 9
28171 2083 14
25283 31311 0
28972 2083 14
43780 2083 14
26617 44 9
38519 43569 9
58799 2943 9
342 2083 14
35632 26069 0
28354 5882 9
18681 43497 0
22913 58084 9
7294 2083 14
21038 2083 14
54074 2083 14
17779 60978 14
2018 2083 14
61947 2083 14
28384 2083 14
20266 56318 9
46720 2083 14
31228 2874 12
19937 44427 9
60410 5335 0
29037 28903 9
54942 2083 14
9341 4645 12
51795 17508 9
58561 33888 0
62286 2083 14
6834 13209 9
56399 34742 0
18066 5882 0
25676 2943 9
33138 44495 0
37998 59151 0
37587 1609 9
15372 2083 14
11417 48301 28
8590 51808 12
9197 2083 14
30234 2083 14
49652 2083 14
35866 12345 9
18663 2083 14
5073 11208 9
57537 31081 9
32971 2083 14
26585 4629 12
16914 14091 9
50034 43090 9
33678 24492 9
40868 29924 9
27842 40202 9
36510 56534 9
29374 2083 14
36388 2083 14
41776 15584 9
18337 2083 14
10867 27108 9
40837 2083 14
50383 26141 9
50058 2083 14
3800 6779 22
45180 2083 14
2638 2943 31
15346 2083 14
61002 12919 1
12565 48895 9
26144 15296 9
1004 50568 9
40779 60328 9
3700 57779 9
37425 2083 14
40776 2083 14
58830 7767 9
20533 2083 14
43575 2083 14
37404 47912 0
40321 42595 9
13557 2083 14
7903 2083 14
32816 2083 14
5120 42042 8
48191 29984 0
48054 46302 12
47726 2083 14
55190 2083 14
59745 37805 9
52961 29196 0
11962 2083 14
38732 2083 14
2100 23218 9
31886 2083 14
58342 24804 22
10524 2083 14
38591 43853 9
57138 29872 9
18445 54736 0
44263 2083 14
21483 49809 9
17784 47917 0
4056 38030 0
51406 15584 9
21723 17508 9
28894 22984 9
16257 35395 9
45423 2943 9
23753 2083 14
29700 48895 0
42913 2083 14
41841 57881 0
16629 60900 9
25122 36758 0
45356 2083 14
17468 2083 14
49534 2083 14
5431 2943 9
56808 2943 9
57214 55870 9
42717 48761 0
34368 2943 9
26944 2083 14
6173 2943 9
28563 48219 22
17469 29924 9
3511 2083 14
59217 9992 9
37168 2083 14
16100 2083 14
24543 2943 9
55530 46148 22
47090 2943 9
22968 45893 0
9269 1213 12
13653 48328 9
14741 2083 14
974 2083 14
6502 33746 9
26808 2083 14
61018 39950 0