984
10125 17235 33
28801 58429 5
37940 1225 5
32463 47664 33
27072 31980 5
27040 45907 5
32200 46991 18
16062 53723 33
13415 39513 34
31450 19601 5
40710 46279 33
8966 9768 5
37161 7148 5
502 45697 33
7939 27862 33
5233 514 5
23025 28085 33
59550 2053 5
60325 55632 33
1113 26337 33
14604 41029 33
1064 60269 5
26970 26971 36
28640 14837 5
30487 25886 5
3039 8758 33
61090 55486 5
11515 57281 17
10994 5120 23
49085 18709 5
7886 47225 4
41310 5387 5
58997 58413 33
40831 16747 33
63055 36564 4
58063 55383 5
8707 50424 33
1706 30269 5
51299 9703 33
27553 14693 33
29459 44069 33
25187 19784 33
58447 43385 33
29594 44126 5
19069 19351 33
61965 57980 5
27134 3324 33
24460 5953 5
61654 42507 33
41955 24332 33
50566 1042 33
29864 40343 33
1354 42138 33
49938 38319 33
38739 31897 5
23315 41231 33
57774 13559 33
29599 24364 5
10309 32933 5
34016 25032 33
9035 55793 33
55020 50893 33
17404 33961 33
55728 14690 5
8379 46412 5
13467 53723 5
8067 55573 33
47809 20573 5
50921 52620 33
46162 36354 5
25208 16718 5
13933 49716 33
31994 1774 13
23540 44019 5
25223 37517 5
55889 6835 5
29713 57344 33
56572 4151 13
20670 41603 4
629 23744 33
46410 34451 36
54943 28832 5
45954 10668 5
57394 55861 5
50551 29040 33
3049 52585 17
29824 21377 5
12839 30529 33
62090 55085 33
27257 11234 5
44316 38098 33
10823 24212 5
4695 15328 5
38220 21992 33
43355 32658 5
13095 39756 33
59261 48585 33
37307 38731 4
44112 51399 33
26547 9703 5
9784 50129 33
51517 706 5
24033 32995 5
38641 13014 33
35131 28085 33
10509 60132 5
20788 51367 5
48197 562 33
49903 30897 33
11339 39279 5
33435 1927 5
48167 24780 33
4343 40343 33
10280 18072 5
49910 58322 5
60705 33800 18
53065 31981 33
22953 35156 5
41667 24780 33
25192 61929 33
18046 55816 5
31315 46285 5
26274 17668 5
34816 28039 5
23991 4706 5
37450 32513 5
62477 36411 33
37792 32396 36
33522 24021 33
48516 17773 33
6893 62566 5
37246 32931 33
22573 34253 5
8631 22666 5
30982 9105 5
61300 53574 5
43020 8850 33
40667 24125 33
51969 19871 36
44634 14837 5
33833 5768 13
8323 27680 33
22158 28085 5
4205 57574 5
47475 60070 5
20249 58379 33
34036 414 33
17057 42780 5
21009 29342 33
11960 27801 33
23207 3783 33
36455 39612 5
45394 16771 13
1449 61959 33
45148 29590 5
4289 34643 18
61788 14469 5
25258 45730 33
10729 40038 33
25910 20489 5
36196 15945 5
48032 44557 5
60201 53232 33
50799 61929 33
31587 28301 5
5323 25035 33
39053 13603 5
57641 31923 5
47885 32430 5
60197 51218 5
18199 44798 33
1116 10533 34
23071 10639 33
60760 29342 5
1399 7169 5
59639 47664 5
26247 25864 33
53722 60 36
694 12944 5
44107 30290 17
23095 40419 33
31377 26152 5
25335 16568 5
7036 25035 33
19582 62157 33
44639 58322 33
45289 26536 17
17132 42507 33
59012 38212 5
44301 1693 5
56492 32334 4
8570 40468 5
51906 62363 33
5332 19784 33
31590 60784 33
1324 50697 5
8952 514 5
47543 38951 5
42228 50069 33
40103 48233 5
43067 26514 33
3595 42175 5
23679 10967 5
53657 2240 4
51319 8672 33
13896 15145 17
49976 27852 5
40126 3783 33
35544 5447 33
52056 53845 5
17778 17622 5
60738 43207 5
54989 7764 17
58977 28424 33
5325 25954 5
44399 20573 33
38569 56645 5
41202 18586 33
34037 41231 5
59909 39992 33
9476 8995 5
51732 41089 33
62782 54649 33
19660 32616 33
52746 10639 5
32982 34053 13
36799 61396 5
47921 15612 5
35882 19831 5
6498 981 5
4380 41089 5
58472 51211 33
2618 12781 33
42872 61929 5
50759 946 33
17017 7115 36
58525 54860 17
60125 61121 5
16496 9977 33
60822 48552 33
16420 17256 5
39919 15910 17
55608 49891 13
44493 33097 5
21972 16768 5
4923 61723 5
24395 29481 5
21553 21156 5
3497 58536 5
1741 51057 5
8245 45295 5
26460 12781 5
18858 35621 5
11363 10751 5
7499 57764 5
3596 56853 33
47169 37108 13
5552 18072 5
17461 8243 33
55215 11926 5
46398 2385 33
29734 22051 33
44107 25540 17
57020 46712 13
41880 36844 33
46995 63089 5
36362 27103 33
21974 13204 5
40193 24066 4
31011 38353 5
57831 29343 33
21911 25105 5
16299 57862 5
40204 49112 5
57851 27052 5
5558 1369 5
19600 10594 5
18231 21916 33
37755 8850 33
16758 3194 5
36394 551 5
54867 56853 5
15040 38120 5
20890 60931 13
13714 17622 33
1478 10594 5
14899 24783 33
24443 41765 17
57746 16568 5
5495 22427 33
9940 55585 33
14203 58295 5
863 60565 33
6028 4328 5
28659 30147 33
10137 6105 33
31655 45768 33
718 31420 5
53109 12531 33
24172 18435 5
28662 30370 5
55371 39535 33
30570 8343 5
8445 47171 4
7968 38842 5
1088 41224 33
6380 61842 5
45953 35086 5
56035 11912 5
23821 39684 5
11410 36625 36
58913 61959 5
7931 58266 5
39436 30068 2
14137 25640 5
45761 31413 33
46925 12944 5
7628 26484 5
46450 60565 5
39716 21671 5
7263 51463 33
42085 21426 5
56056 42021 33
19717 54323 33
53286 42507 33
23702 52794 18
37139 19871 36
16272 28764 5
50482 34155 33
36960 23823 33
53840 20566 5
54063 41278 5
26131 36625 36
34294 25130 5
896 52442 5
51678 41231 5
57712 21426 5
7600 49277 4
38607 50129 5
4397 41089 33
57076 45645 5
581 42735 33
44776 8155 5
22712 20187 33
18500 4302 5
21070 13783 33
44835 946 33
42661 57365 5
43751 33909 13
46238 28085 33
36568 39756 5
45891 34895 5
20592 40343 33
25926 49510 13
28165 2316 33
52451 62839 33
57769 37269 5
2753 1121 33
52795 33802 33
39447 37382 33
59871 27494 5
16038 55906 5
53575 32396 36
33072 11477 5
31358 14482 17
52805 22376 5
52835 40862 5
32210 514 5
17155 34895 33
23221 23412 33
6580 10668 5
59572 36986 5
62270 26971 36
31120 44737 13
11476 54690 33
19267 16568 33
18628 4227 5
39630 56027 5
57542 34717 5
927 42507 5
36043 60259 33
50714 6835 5
40393 10354 5
28003 42021 5
22589 55381 5
8121 24382 33
6825 16052 5
58523 18965 5
30325 18965 33
62386 5942 13
28386 34357 5
55478 14993 33
22613 60259 33
20435 56744 4
33981 36964 18
8099 18921 13
40821 30729 18
43001 10054 33
54255 8770 33
28186 53334 5
29414 26484 5
154 28301 33
43642 27573 13
41929 41139 33
9675 22421 17
29005 25742 5
30838 26501 5
38881 56748 17
1645 49345 36
16623 42840 33
36514 25640 5
58866 3365 5
3371 21101 13
8115 3346 5
56379 14837 5
51999 38701 5
44781 39756 33
23844 9280 33
25932 37382 5
25715 49791 33
43052 1605 2
18766 29031 5
59012 2577 33
55794 52029 33
56091 15524 5
37217 11062 33
35841 35403 5
61900 26514 5
61628 15127 5
12856 39232 33
6736 38353 5
9468 8441 5
50577 7835 2
33706 14401 5
22644 23823 5
30191 32032 33
26637 25152 33
7548 17235 33
28933 18170 33
22621 48492 5
26778 21916 5
61271 3492 33
26516 36122 33
30495 25473 5
2707 53069 17
45755 21196 33
61243 30897 33
55278 7317 5
12893 17201 4
33329 42308 33
8166 26971 36
56353 22713 33
33033 50614 5
23381 30897 33
2158 10458 5
6380 61842 33
56708 56557 5
1838 58525 17
5436 10393 5
2110 43075 5
62864 6105 33
31907 15139 33
26584 42258 5
14667 5655 33
37634 58536 5
59233 2379 33
44516 16515 5
39052 29514 17
29634 60269 5
24243 1800 5
27093 414 33
6088 40383 13
50700 56847 33
20023 29160 33
11836 37136 33
56973 39461 17
49242 414 5
16076 46186 33
37413 56097 5
42322 26971 36
52070 60827 5
11476 54690 5
42856 58429 5
28176 10467 33
52730 22074 4
42677 17953 33
51372 29186 5
25153 40408 33
28598 57772 33
52004 50656 13
42368 40550 18
59750 27168 33
13835 25919 5
34075 57772 5
52198 11489 33
39576 53902 33
73 55573 33
882 3346 33
50509 5609 33
9843 24644 5
31690 27103 5
35938 40880 13
50204 10354 5
20126 10179 33
62916 31320 33
55612 37340 5
50325 41075 5
50299 53986 5
53547 6569 13
31201 41278 5
9080 46412 33
18857 17235 33
47133 57006 4
752 46407 13
12809 7564 33
27562 32182 5
62483 32513 33
16165 41089 5
20696 13067 33
43971 45768 5
49605 14999 5
9084 10751 5
58047 53098 33
59570 50470 33
13154 28301 33
14335 39390 5
51633 30535 5
52507 54323 5
30860 53666 5
23938 45105 5
22954 24034 33
10326 28286 36
53991 23903 5
44906 41386 5
28176 21699 33
21170 29590 33
53303 15138 17
51891 50105 13
56350 32223 5
60663 55585 5
3339 36122 33
33806 414 33
47938 12009 5
42355 24647 5
17432 22196 5
24443 22646 17
45867 38509 13
13737 14792 5
15112 10383 5
26879 5015 33
521 49619 33
18634 36655 5
45969 1225 5
44586 35015 13
62735 32877 5
23527 11461 17
31050 25640 5
10582 59198 13
1905 41139 5
21475 10639 5
27520 63138 33
38630 58 33
53165 13347 5
46512 37658 5
2218 53478 33
51127 14993 5
50906 30385 33
1992 38336 4
42938 23855 33
47371 6911 13
15303 54061 17
42305 38544 5
51372 55077 33
47209 14292 5
35529 2780 33
7038 26052 33
21463 23744 5
13255 9105 5
20324 22654 5
48159 30546 33
58565 60773 5
35543 766 17
34908 31383 33
34737 56902 33
10404 18965 33
25437 37136 5
46477 51698 5
34177 28673 5
42730 5344 33
44920 17486 5
24251 28085 33
5483 8613 33
16327 49791 33
21210 50647 17
26227 45382 5
6858 11642 5
20237 3427 13
34170 54144 5
3370 3365 33
20529 2482 33
60718 38679 33
13147 25324 17
11182 6537 33
29135 38695 5
60781 37382 5
41839 62566 5
62094 19351 33
1364 56853 5
2050 4430 5
13861 62157 5
40247 34780 13
50898 38098 33
28717 59224 33
13392 24780 5
52730 47670 13
5547 14972 33
21931 23766 5
30107 577 5
30268 24034 5
59501 48477 33
60595 26849 33
31023 5514 5
26292 57481 18
60441 16052 33
1739 27550 33
25693 13907 33
10292 31663 33
3710 14292 33
55020 42802 5
21242 39684 5
49923 30176 5
38929 11062 5
13076 14401 5
60028 13347 5
3693 32192 33
14337 1948 33
38974 11489 5
61156 13386 33
36633 58946 5
59228 5655 33
40537 35162 33
15138 27717 17
1569 20187 5
60969 29782 33
27748 19511 33
37053 60132 5
6744 26971 36
42513 24780 5
31676 34045 33
15138 20976 17
1482 35651 13
37714 8201 5
52264 45502 33
47615 20573 5
7819 38951 33
31233 55240 33
6972 15508 5
13131 5519 33
24022 42172 33
12326 10784 33
14804 1504 13
11555 49112 33
28697 602 33
31044 32396 36
30988 52463 5
22586 18072 33
44681 24382 5
31457 15438 5
10197 1693 33
4473 39228 5
28988 14972 33
35317 2385 33
7138 32179 33
54143 34895 5
53714 56064 34
2110 42427 5
14400 42416 5
26038 61842 33
41584 7271 4
15737 61728 5
34050 10434 5
6188 13663 13
58525 45745 17
55759 57023 5
56122 5403 5
62989 37658 5
42784 40368 33
48924 53723 33
10395 25130 33
6356 42610 5
35014 43435 33
58309 50429 33
57629 29857 33
31891 19351 33
34974 8441 33
15435 42849 33
4207 49619 5
45954 29481 5
31470 36913 33
61380 31764 5
18107 36803 33
51543 10548 33
62274 41417 5
3690 29197 5
37649 25954 33
48886 50595 5
40486 18619 13
46811 38274 33
37914 27680 33
700 5858 5
24207 52274 36
39425 32396 36
51691 6537 33
35343 39052 17
33603 29661 5
63027 19604 5
20059 2090 5
60878 9096 33
15750 10106 5
22625 2316 33
12892 37190 5
1097 17235 5
10965 16644 5
3103 50614 33
511 14809 5
59093 48328 23
32436 47146 5
34846 47708 18
44810 2948 33
18503 41029 5
60238 22196 5
21070 10594 5
20936 42462 5
10914 14673 33
10380 37382 5
20959 22376 5
25324 24443 17
56221 26514 33
48565 54458 5
33702 16338 33
31882 28085 5
51012 49791 33
36300 17339 33
25780 41231 33
48945 36803 5
14137 3783 33
16229 55240 5
60416 62566 5
24460 16568 5
57640 58844 33
8260 13672 4
2773 2385 33
48473 34505 33
54660 53108 17
50994 23855 33
53363 13064 5
20 45907 33
32271 5143 17
41982 50901 5
19833 53316 5
10970 50129 33
22858 25473 5
39659 21426 5
41556 28123 13
16049 37340 5
2834 57574 5
8755 35618 5
48349 24200 33
32253 62996 5
62213 40575 5
25932 15893 33
18244 1369 5
19630 22713 33
44372 11489 5
41031 32711 5
50648 16106 33
31844 51367 5
53864 16756 13
17197 36317 5
55084 27375 5
14977 10367 5
59290 23313 33
47898 57675 5
9818 23766 33
22586 18170 5
1421 9782 33
15449 31616 33
6332 21540 33
61487 58074 17
50163 40676 5
15117 63089 33
20411 17235 5
62191 38353 33
8366 62062 5
11057 30330 33
42169 43735 33
17508 4624 34
42412 1369 5
19615 30475 5
61948 21992 33
21244 45745 17
20458 16341 33
26218 18715 5
57559 26264 17
21975 32292 5
50686 42601 13
14180 58465 17
18843 38701 5
37181 62857 5
3323 42438 33
1446 20421 5
14185 32877 33
42773 40028 33
21974 13204 33
21132 40281 5
61200 34539 33
12681 10106 5
43263 30635 5
5082 12934 13
35123 27051 13
39039 56272 33
34166 46348 5
43486 23534 33
47254 10486 5
3969 16426 5
10449 37556 5
37195 26514 33
59957 21156 5
13147 60092 17
22251 56097 33
12782 28039 5
33060 39208 33
9472 62566 5
62360 36803 5
10702 55435 33
30486 31324 5
33613 51429 5
18719 32292 5
56694 1904 5
46398 37382 5
35330 20510 5
51751 2256 33
16704 30717 5
62266 53179 5
39576 28156 5
305 32614 33
34666 29343 33
33512 38717 33
4367 21540 5
361 25631 5
11635 6869 18
55755 1877 5
40216 5549 5
38427 21738 5
28951 4964 33
17737 30573 5
55582 38807 5
37067 4924 33
30189 51211 33
16923 40581 33
32304 2411 33
52288 28438 4
61566 44865 33
36766 36969 5
22817 50429 5
20258 1904 5
57968 52858 33
40578 36122 5
28334 29031 33
15990 10751 33
52232 51416 2
13170 47501 17
52712 9302 33
7677 6522 33
20801 6835 5
19562 48299 5
49719 52506 5
7883 946 5
53379 33751 13
1170 21128 5
36136 5642 13
22586 1904 33
44642 57574 33
50581 16969 4
25554 24780 5
28826 24405 33
34615 49507 33
33872 27623 33
55477 4144 5
11515 49099 17
43971 38465 5
1503 10009 5
53812 42331 5
21819 28301 33
3616 21426 5
9450 56292 33
9097 32924 33
11785 5339 5
44576 56027 33
53651 61296 33
62918 1225 5
38536 36122 5
58523 18965 33
39820 3808 13
58012 9713 33
7764 2669 17
47936 54350 33
58149 57675 33
59152 1877 5
19805 42246 5
59701 37499 5
53772 41145 33
11089 41417 33
8449 22419 17
18399 20427 13
28689 27156 5
21461 62540 5
47566 22722 13
60630 60259 33
13570 54104 5
26494 4292 5
29811 52442 33
12495 38695 5
10830 11947 33
14567 31616 33
1706 54425 33
15838 1225 5
13676 51790 5
61865 427 33
14570 50679 5
3636 11299 33
38975 28085 5
49265 27550 5
56635 42780 33
12672 14021 13
21878 25919 5
59520 17622 5
31833 19871 36
40195 2850 33
11117 514 5
39671 23823 33
51091 35172 4
30020 55838 33
21021 50679 33
3585 330 33
12912 61853 5
41500 6682 5
28566 1800 5
36748 53044 5
20276 37737 33
42023 50679 33
19025 32396 36
39269 2413 33
47481 10412 33
46052 34369 5
352 50614 5
22757 21641 5
56516 2395 5
43339 11788 5
5524 14476 33
29811 52442 5
35972 330 33
13462 24402 33
7353 44479 5
5623 31736 5
51673 59818 33
33 15612 5
28374 52442 33
57496 60185 33
50484 11515 17
11918 25021 13
4866 20526 33
53603 33176 17
31617 9096 33
50848 50679 5
54289 10946 5
51158 46575 5
43432 58042 33
9580 52845 33
33771 9105 5
29995 49791 33
14933 35936 5
36103 32877 33
15131 10594 33
